Iteraçaõ:0
10
00
0,1527777777777778
0

Iteraçaõ:1
01
00
0,0019940159600957408
0

Iteraçaõ:2
00
00
0
0

Iteraçaõ:3
11
00
0,17586434015055452
0

Iteraçaõ:4
00
00
0
0

Iteraçaõ:5
11
00
0,17586434015055452
0

Iteraçaõ:6
00
00
0
0

Iteraçaõ:7
00
00
0
0

Iteraçaõ:8
10
00
0,1527777777777778
0

Iteraçaõ:9
11
00
0,17586434015055452
0

Iteraçaõ:10
11
00
0,17586434015055452
0

Iteraçaõ:11
11
00
0,17586434015055452
0

Iteraçaõ:12
00
00
0
0

Iteraçaõ:13
01
00
0,0019940159600957408
0

Iteraçaõ:14
00
00
0
0

Iteraçaõ:15
00
00
0
0

Iteraçaõ:16
00
00
0
0

Iteraçaõ:17
00
00
0
0

Iteraçaõ:18
11
00
0,17586434015055452
0

Iteraçaõ:19
00
00
0
0

Iteraçaõ:20
11
00
0,17586434015055452
0

Iteraçaõ:21
10
00
0,1527777777777778
0

Iteraçaõ:22
01
00
0,0019940159600957408
0

Iteraçaõ:23
10
00
0,1527777777777778
0

Iteraçaõ:24
10
00
0,1527777777777778
0

Iteraçaõ:25
01
00
0,0019940159600957408
0

Iteraçaõ:26
11
00
0,17586434015055452
0

Iteraçaõ:27
00
00
0
0

Iteraçaõ:28
01
00
0,0019940159600957408
0

Iteraçaõ:29
01
00
0,0019940159600957408
0

Iteraçaõ:30
01
00
0,0019940159600957408
0

Iteraçaõ:31
01
00
0,0019940159600957408
0

Iteraçaõ:32
10
00
0,1527777777777778
0

Iteraçaõ:33
10
00
0,1527777777777778
0

Iteraçaõ:34
01
00
0,0019940159600957408
0

Iteraçaõ:35
11
00
0,17586434015055452
0

Iteraçaõ:36
10
00
0,1527777777777778
0

Iteraçaõ:37
11
00
0,17586434015055452
0

Iteraçaõ:38
00
00
0
0

Iteraçaõ:39
11
00
0,17586434015055452
0

Iteraçaõ:40
10
00
0,1527777777777778
0

Iteraçaõ:41
11
00
0,17586434015055452
0

Iteraçaõ:42
01
00
0,0019940159600957408
0

Iteraçaõ:43
00
00
0
0

Iteraçaõ:44
01
00
0,0019940159600957408
0

Iteraçaõ:45
10
00
0,1527777777777778
0

Iteraçaõ:46
01
00
0,0019940159600957408
0

Iteraçaõ:47
00
00
0
0

Iteraçaõ:48
10
00
0,1527777777777778
0

Iteraçaõ:49
00
00
0
0

Iteraçaõ:50
01
00
0,0019940159600957408
0

Iteraçaõ:51
01
00
0,0019940159600957408
0

Iteraçaõ:52
01
00
0,0019940159600957408
0

Iteraçaõ:53
00
00
0
0

Iteraçaõ:54
10
00
0,1527777777777778
0

Iteraçaõ:55
10
00
0,1527777777777778
0

Iteraçaõ:56
10
00
0,1527777777777778
0

Iteraçaõ:57
11
00
0,17586434015055452
0

Iteraçaõ:58
01
00
0,0019940159600957408
0

Iteraçaõ:59
00
00
0
0

Iteraçaõ:60
11
00
0,17586434015055452
0

Iteraçaõ:61
01
00
0,0019940159600957408
0

Iteraçaõ:62
10
00
0,1527777777777778
0

Iteraçaõ:63
11
00
0,17586434015055452
0

Iteraçaõ:64
01
00
0,0019940159600957408
0

Iteraçaõ:65
10
00
0,1527777777777778
0

Iteraçaõ:66
01
00
0,0019940159600957408
0

Iteraçaõ:67
00
00
0
0

Iteraçaõ:68
10
00
0,1527777777777778
0

Iteraçaõ:69
10
00
0,1527777777777778
0

Iteraçaõ:70
11
00
0,17586434015055452
0

Iteraçaõ:71
11
00
0,17586434015055452
0

Iteraçaõ:72
01
00
0,0019940159600957408
0

Iteraçaõ:73
11
00
0,17586434015055452
0

Iteraçaõ:74
11
00
0,17586434015055452
0

Iteraçaõ:75
11
00
0,17586434015055452
0

Iteraçaõ:76
00
00
0
0

Iteraçaõ:77
10
00
0,1527777777777778
0

Iteraçaõ:78
01
00
0,0019940159600957408
0

Iteraçaõ:79
10
00
0,1527777777777778
0

Iteraçaõ:80
11
00
0,17586434015055452
0

Iteraçaõ:81
00
00
0
0

Iteraçaõ:82
00
00
0
0

Iteraçaõ:83
01
00
0,0019940159600957408
0

Iteraçaõ:84
01
00
0,0019940159600957408
0

Iteraçaõ:85
01
00
0,0019940159600957408
0

Iteraçaõ:86
00
00
0
0

Iteraçaõ:87
00
00
0
0

Iteraçaõ:88
00
00
0
0

Iteraçaõ:89
10
00
0,1527777777777778
0

Iteraçaõ:90
10
00
0,1527777777777778
0

Iteraçaõ:91
11
00
0,17586434015055452
0

Iteraçaõ:92
00
00
0
0

Iteraçaõ:93
10
00
0,1527777777777778
0

Iteraçaõ:94
10
00
0,1527777777777778
0

Iteraçaõ:95
11
00
0,17586434015055452
0

Iteraçaõ:96
00
00
0
0

Iteraçaõ:97
00
00
0
0

Iteraçaõ:98
00
00
0
0

Iteraçaõ:99
00
00
0
0

Iteraçaõ:100
10
00
0,1527777777777778
0

Iteraçaõ:101
10
00
0,1527777777777778
0

Iteraçaõ:102
10
00
0,1527777777777778
0

Iteraçaõ:103
00
00
0
0

Iteraçaõ:104
00
00
0
0

Iteraçaõ:105
00
00
0
0

Iteraçaõ:106
11
00
0,17586434015055452
0

Iteraçaõ:107
10
00
0,1527777777777778
0

Iteraçaõ:108
01
00
0,0019940159600957408
0

Iteraçaõ:109
10
00
0,1527777777777778
0

Iteraçaõ:110
10
00
0,1527777777777778
0

Iteraçaõ:111
00
00
0
0

Iteraçaõ:112
01
00
0,0019940159600957408
0

Iteraçaõ:113
01
00
0,0019940159600957408
0

Iteraçaõ:114
00
00
0
0

Iteraçaõ:115
11
00
0,17586434015055452
0

Iteraçaõ:116
10
00
0,1527777777777778
0

Iteraçaõ:117
01
00
0,0019940159600957408
0

Iteraçaõ:118
00
00
0
0

Iteraçaõ:119
10
00
0,1527777777777778
0

Iteraçaõ:120
00
00
0
0

Iteraçaõ:121
00
00
0
0

Iteraçaõ:122
11
00
0,17586434015055452
0

Iteraçaõ:123
00
00
0
0

Iteraçaõ:124
11
01
0,17586434015055452
0,0019940159600957408

Iteraçaõ:125
10
01
0,1527777777777778
0,0019940159600957408

Iteraçaõ:126
01
01
0,0019940159600957408
0,0019940159600957408

Iteraçaõ:127
10
01
0,1527777777777778
0,0019940159600957408

Iteraçaõ:128
01
01
0,0019940159600957408
0,0019940159600957408

Iteraçaõ:129
00
01
0
0,0019940159600957408

Iteraçaõ:130
10
01
0,1527777777777778
0,0019940159600957408

Iteraçaõ:131
01
01
0,0019940159600957408
0,0019940159600957408

Iteraçaõ:132
11
01
0,17586434015055452
0,0019940159600957408

Iteraçaõ:133
11
01
0,17586434015055452
0,0019940159600957408

Iteraçaõ:134
10
01
0,1527777777777778
0,0019940159600957408

Iteraçaõ:135
10
01
0,1527777777777778
0,0019940159600957408

Iteraçaõ:136
11
01
0,17586434015055452
0,0019940159600957408

Iteraçaõ:137
11
01
0,17586434015055452
0,0019940159600957408

Iteraçaõ:138
00
01
0
0,0019940159600957408

Iteraçaõ:139
11
01
0,17586434015055452
0,0019940159600957408

Iteraçaõ:140
00
01
0
0,0019940159600957408

Iteraçaõ:141
00
01
0
0,0019940159600957408

Iteraçaõ:142
01
01
0,0019940159600957408
0,0019940159600957408

Iteraçaõ:143
01
01
0,0019940159600957408
0,0019940159600957408

Iteraçaõ:144
00
01
0
0,0019940159600957408

Iteraçaõ:145
01
01
0,0019940159600957408
0,0019940159600957408

Iteraçaõ:146
11
01
0,17586434015055452
0,0019940159600957408

Iteraçaõ:147
11
01
0,17586434015055452
0,0019940159600957408

Iteraçaõ:148
01
01
0,0019940159600957408
0,0019940159600957408

Iteraçaõ:149
10
01
0,1527777777777778
0,0019940159600957408

Iteraçaõ:150
10
01
0,1527777777777778
0,0019940159600957408

Iteraçaõ:151
01
01
0,0019940159600957408
0,0019940159600957408

Iteraçaõ:152
10
01
0,1527777777777778
0,0019940159600957408

Iteraçaõ:153
00
01
0
0,0019940159600957408

Iteraçaõ:154
10
01
0,1527777777777778
0,0019940159600957408

Iteraçaõ:155
00
01
0
0,0019940159600957408

Iteraçaõ:156
00
01
0
0,0019940159600957408

Iteraçaõ:157
01
01
0,0019940159600957408
0,0019940159600957408

Iteraçaõ:158
01
01
0,0019940159600957408
0,0019940159600957408

Iteraçaõ:159
10
01
0,1527777777777778
0,0019940159600957408

Iteraçaõ:160
00
01
0
0,0019940159600957408

Iteraçaõ:161
10
01
0,1527777777777778
0,0019940159600957408

Iteraçaõ:162
10
01
0,1527777777777778
0,0019940159600957408

Iteraçaõ:163
10
01
0,1527777777777778
0,0019940159600957408

Iteraçaõ:164
11
01
0,17586434015055452
0,0019940159600957408

Iteraçaõ:165
11
01
0,17586434015055452
0,0019940159600957408

Iteraçaõ:166
01
01
0,0019940159600957408
0,0019940159600957408

Iteraçaõ:167
11
01
0,17586434015055452
0,0019940159600957408

Iteraçaõ:168
10
01
0,1527777777777778
0,0019940159600957408

Iteraçaõ:169
00
01
0
0,0019940159600957408

Iteraçaõ:170
01
01
0,0019940159600957408
0,0019940159600957408

Iteraçaõ:171
10
01
0,1527777777777778
0,0019940159600957408

Iteraçaõ:172
10
01
0,1527777777777778
0,0019940159600957408

Iteraçaõ:173
10
01
0,1527777777777778
0,0019940159600957408

Iteraçaõ:174
00
01
0
0,0019940159600957408

Iteraçaõ:175
10
01
0,1527777777777778
0,0019940159600957408

Iteraçaõ:176
10
01
0,1527777777777778
0,0019940159600957408

Iteraçaõ:177
11
01
0,17586434015055452
0,0019940159600957408

Iteraçaõ:178
10
01
0,1527777777777778
0,0019940159600957408

Iteraçaõ:179
01
01
0,0019940159600957408
0,0019940159600957408

Iteraçaõ:180
01
01
0,0019940159600957408
0,0019940159600957408

Iteraçaõ:181
01
01
0,0019940159600957408
0,0019940159600957408

Iteraçaõ:182
11
01
0,17586434015055452
0,0019940159600957408

Iteraçaõ:183
10
01
0,1527777777777778
0,0019940159600957408

Iteraçaõ:184
11
01
0,17586434015055452
0,0019940159600957408

Iteraçaõ:185
10
01
0,1527777777777778
0,0019940159600957408

Iteraçaõ:186
00
01
0
0,0019940159600957408

Iteraçaõ:187
00
01
0
0,0019940159600957408

Iteraçaõ:188
00
01
0
0,0019940159600957408

Iteraçaõ:189
11
01
0,17586434015055452
0,0019940159600957408

Iteraçaõ:190
00
01
0
0,0019940159600957408

Iteraçaõ:191
10
01
0,1527777777777778
0,0019940159600957408

Iteraçaõ:192
00
01
0
0,0019940159600957408

Iteraçaõ:193
00
01
0
0,0019940159600957408

Iteraçaõ:194
10
01
0,1527777777777778
0,0019940159600957408

Iteraçaõ:195
00
01
0
0,0019940159600957408

Iteraçaõ:196
11
01
0,17586434015055452
0,0019940159600957408

Iteraçaõ:197
01
01
0,0019940159600957408
0,0019940159600957408

Iteraçaõ:198
11
01
0,17586434015055452
0,0019940159600957408

Iteraçaõ:199
10
01
0,1527777777777778
0,0019940159600957408

Iteraçaõ:200
10
01
0,1527777777777778
0,0019940159600957408

Iteraçaõ:201
11
01
0,17586434015055452
0,0019940159600957408

Iteraçaõ:202
01
01
0,0019940159600957408
0,0019940159600957408

Iteraçaõ:203
11
01
0,17586434015055452
0,0019940159600957408

Iteraçaõ:204
10
01
0,1527777777777778
0,0019940159600957408

Iteraçaõ:205
11
01
0,17586434015055452
0,0019940159600957408

Iteraçaõ:206
01
01
0,0019940159600957408
0,0019940159600957408

Iteraçaõ:207
00
01
0
0,0019940159600957408

Iteraçaõ:208
11
01
0,17586434015055452
0,0019940159600957408

Iteraçaõ:209
00
01
0
0,0019940159600957408

Iteraçaõ:210
01
01
0,0019940159600957408
0,0019940159600957408

Iteraçaõ:211
11
01
0,17586434015055452
0,0019940159600957408

Iteraçaõ:212
11
01
0,17586434015055452
0,0019940159600957408

Iteraçaõ:213
01
01
0,0019940159600957408
0,0019940159600957408

Iteraçaõ:214
01
01
0,0019940159600957408
0,0019940159600957408

Iteraçaõ:215
00
01
0
0,0019940159600957408

Iteraçaõ:216
10
01
0,1527777777777778
0,0019940159600957408

Iteraçaõ:217
11
01
0,17586434015055452
0,0019940159600957408

Iteraçaõ:218
01
01
0,0019940159600957408
0,0019940159600957408

Iteraçaõ:219
01
01
0,0019940159600957408
0,0019940159600957408

Iteraçaõ:220
10
01
0,1527777777777778
0,0019940159600957408

Iteraçaõ:221
10
01
0,1527777777777778
0,0019940159600957408

Iteraçaõ:222
01
01
0,0019940159600957408
0,0019940159600957408

Iteraçaõ:223
10
01
0,1527777777777778
0,0019940159600957408

Iteraçaõ:224
11
01
0,17586434015055452
0,0019940159600957408

Iteraçaõ:225
01
01
0,0019940159600957408
0,0019940159600957408

Iteraçaõ:226
01
01
0,0019940159600957408
0,0019940159600957408

Iteraçaõ:227
10
01
0,1527777777777778
0,0019940159600957408

Iteraçaõ:228
11
01
0,17586434015055452
0,0019940159600957408

Iteraçaõ:229
11
01
0,17586434015055452
0,0019940159600957408

Iteraçaõ:230
10
01
0,1527777777777778
0,0019940159600957408

Iteraçaõ:231
11
01
0,17586434015055452
0,0019940159600957408

Iteraçaõ:232
10
01
0,1527777777777778
0,0019940159600957408

Iteraçaõ:233
11
01
0,17586434015055452
0,0019940159600957408

Iteraçaõ:234
01
01
0,0019940159600957408
0,0019940159600957408

Iteraçaõ:235
01
01
0,0019940159600957408
0,0019940159600957408

Iteraçaõ:236
01
01
0,0019940159600957408
0,0019940159600957408

Iteraçaõ:237
11
01
0,17586434015055452
0,0019940159600957408

Iteraçaõ:238
00
10
0
0,1527777777777778

Iteraçaõ:239
11
10
0,17586434015055452
0,1527777777777778

Iteraçaõ:240
11
10
0,17586434015055452
0,1527777777777778

Iteraçaõ:241
00
10
0
0,1527777777777778

Iteraçaõ:242
10
10
0,1527777777777778
0,1527777777777778

Iteraçaõ:243
00
10
0
0,1527777777777778

Iteraçaõ:244
01
10
0,0019940159600957408
0,1527777777777778

Iteraçaõ:245
01
10
0,0019940159600957408
0,1527777777777778

Iteraçaõ:246
11
10
0,17586434015055452
0,1527777777777778

Iteraçaõ:247
11
10
0,17586434015055452
0,1527777777777778

Iteraçaõ:248
11
10
0,17586434015055452
0,1527777777777778

Iteraçaõ:249
10
10
0,1527777777777778
0,1527777777777778

Iteraçaõ:250
10
10
0,1527777777777778
0,1527777777777778

Iteraçaõ:251
10
10
0,1527777777777778
0,1527777777777778

Iteraçaõ:252
00
10
0
0,1527777777777778

Iteraçaõ:253
10
10
0,1527777777777778
0,1527777777777778

Iteraçaõ:254
10
10
0,1527777777777778
0,1527777777777778

Iteraçaõ:255
01
10
0,0019940159600957408
0,1527777777777778

Iteraçaõ:256
11
10
0,17586434015055452
0,1527777777777778

Iteraçaõ:257
11
10
0,17586434015055452
0,1527777777777778

Iteraçaõ:258
10
10
0,1527777777777778
0,1527777777777778

Iteraçaõ:259
11
10
0,17586434015055452
0,1527777777777778

Iteraçaõ:260
01
10
0,0019940159600957408
0,1527777777777778

Iteraçaõ:261
00
10
0
0,1527777777777778

Iteraçaõ:262
00
10
0
0,1527777777777778

Iteraçaõ:263
11
10
0,17586434015055452
0,1527777777777778

Iteraçaõ:264
01
10
0,0019940159600957408
0,1527777777777778

Iteraçaõ:265
11
10
0,17586434015055452
0,1527777777777778

Iteraçaõ:266
11
10
0,17586434015055452
0,1527777777777778

Iteraçaõ:267
00
10
0
0,1527777777777778

Iteraçaõ:268
01
10
0,0019940159600957408
0,1527777777777778

Iteraçaõ:269
00
10
0
0,1527777777777778

Iteraçaõ:270
00
10
0
0,1527777777777778

Iteraçaõ:271
10
10
0,1527777777777778
0,1527777777777778

Iteraçaõ:272
00
10
0
0,1527777777777778

Iteraçaõ:273
10
10
0,1527777777777778
0,1527777777777778

Iteraçaõ:274
01
10
0,0019940159600957408
0,1527777777777778

Iteraçaõ:275
11
10
0,17586434015055452
0,1527777777777778

Iteraçaõ:276
10
10
0,1527777777777778
0,1527777777777778

Iteraçaõ:277
00
10
0
0,1527777777777778

Iteraçaõ:278
10
10
0,1527777777777778
0,1527777777777778

Iteraçaõ:279
11
10
0,17586434015055452
0,1527777777777778

Iteraçaõ:280
11
10
0,17586434015055452
0,1527777777777778

Iteraçaõ:281
00
10
0
0,1527777777777778

Iteraçaõ:282
11
10
0,17586434015055452
0,1527777777777778

Iteraçaõ:283
11
10
0,17586434015055452
0,1527777777777778

Iteraçaõ:284
00
10
0
0,1527777777777778

Iteraçaõ:285
01
10
0,0019940159600957408
0,1527777777777778

Iteraçaõ:286
10
10
0,1527777777777778
0,1527777777777778

Iteraçaõ:287
00
10
0
0,1527777777777778

Iteraçaõ:288
11
10
0,17586434015055452
0,1527777777777778

Iteraçaõ:289
10
10
0,1527777777777778
0,1527777777777778

Iteraçaõ:290
11
10
0,17586434015055452
0,1527777777777778

Iteraçaõ:291
11
10
0,17586434015055452
0,1527777777777778

Iteraçaõ:292
11
10
0,17586434015055452
0,1527777777777778

Iteraçaõ:293
01
10
0,0019940159600957408
0,1527777777777778

Iteraçaõ:294
01
10
0,0019940159600957408
0,1527777777777778

Iteraçaõ:295
11
10
0,17586434015055452
0,1527777777777778

Iteraçaõ:296
00
10
0
0,1527777777777778

Iteraçaõ:297
00
10
0
0,1527777777777778

Iteraçaõ:298
01
10
0,0019940159600957408
0,1527777777777778

Iteraçaõ:299
10
10
0,1527777777777778
0,1527777777777778

Iteraçaõ:300
11
10
0,17586434015055452
0,1527777777777778

Iteraçaõ:301
11
10
0,17586434015055452
0,1527777777777778

Iteraçaõ:302
10
10
0,1527777777777778
0,1527777777777778

Iteraçaõ:303
11
10
0,17586434015055452
0,1527777777777778

Iteraçaõ:304
11
10
0,17586434015055452
0,1527777777777778

Iteraçaõ:305
00
10
0
0,1527777777777778

Iteraçaõ:306
10
10
0,1527777777777778
0,1527777777777778

Iteraçaõ:307
00
10
0
0,1527777777777778

Iteraçaõ:308
10
10
0,1527777777777778
0,1527777777777778

Iteraçaõ:309
11
10
0,17586434015055452
0,1527777777777778

Iteraçaõ:310
00
10
0
0,1527777777777778

Iteraçaõ:311
10
10
0,1527777777777778
0,1527777777777778

Iteraçaõ:312
11
10
0,17586434015055452
0,1527777777777778

Iteraçaõ:313
00
10
0
0,1527777777777778

Iteraçaõ:314
11
10
0,17586434015055452
0,1527777777777778

Iteraçaõ:315
00
10
0
0,1527777777777778

Iteraçaõ:316
00
10
0
0,1527777777777778

Iteraçaõ:317
01
10
0,0019940159600957408
0,1527777777777778

Iteraçaõ:318
01
10
0,0019940159600957408
0,1527777777777778

Iteraçaõ:319
00
10
0
0,1527777777777778

Iteraçaõ:320
11
10
0,17586434015055452
0,1527777777777778

Iteraçaõ:321
01
10
0,0019940159600957408
0,1527777777777778

Iteraçaõ:322
01
10
0,0019940159600957408
0,1527777777777778

Iteraçaõ:323
10
10
0,1527777777777778
0,1527777777777778

Iteraçaõ:324
10
10
0,1527777777777778
0,1527777777777778

Iteraçaõ:325
01
10
0,0019940159600957408
0,1527777777777778

Iteraçaõ:326
10
10
0,1527777777777778
0,1527777777777778

Iteraçaõ:327
11
10
0,17586434015055452
0,1527777777777778

Iteraçaõ:328
11
10
0,17586434015055452
0,1527777777777778

Iteraçaõ:329
01
10
0,0019940159600957408
0,1527777777777778

Iteraçaõ:330
10
10
0,1527777777777778
0,1527777777777778

Iteraçaõ:331
11
10
0,17586434015055452
0,1527777777777778

Iteraçaõ:332
01
10
0,0019940159600957408
0,1527777777777778

Iteraçaõ:333
01
10
0,0019940159600957408
0,1527777777777778

Iteraçaõ:334
10
10
0,1527777777777778
0,1527777777777778

Iteraçaõ:335
10
10
0,1527777777777778
0,1527777777777778

Iteraçaõ:336
11
10
0,17586434015055452
0,1527777777777778

Iteraçaõ:337
11
10
0,17586434015055452
0,1527777777777778

Iteraçaõ:338
00
10
0
0,1527777777777778

Iteraçaõ:339
01
10
0,0019940159600957408
0,1527777777777778

Iteraçaõ:340
10
10
0,1527777777777778
0,1527777777777778

Iteraçaõ:341
11
10
0,17586434015055452
0,1527777777777778

Iteraçaõ:342
00
10
0
0,1527777777777778

Iteraçaõ:343
11
10
0,17586434015055452
0,1527777777777778

Iteraçaõ:344
00
10
0
0,1527777777777778

Iteraçaõ:345
01
10
0,0019940159600957408
0,1527777777777778

Iteraçaõ:346
00
10
0
0,1527777777777778

Iteraçaõ:347
11
10
0,17586434015055452
0,1527777777777778

Iteraçaõ:348
11
10
0,17586434015055452
0,1527777777777778

Iteraçaõ:349
00
10
0
0,1527777777777778

Iteraçaõ:350
11
10
0,17586434015055452
0,1527777777777778

Iteraçaõ:351
11
10
0,17586434015055452
0,1527777777777778

Iteraçaõ:352
00
10
0
0,1527777777777778

Iteraçaõ:353
11
10
0,17586434015055452
0,1527777777777778

Iteraçaõ:354
01
10
0,0019940159600957408
0,1527777777777778

Iteraçaõ:355
11
10
0,17586434015055452
0,1527777777777778

Iteraçaõ:356
11
10
0,17586434015055452
0,1527777777777778

Iteraçaõ:357
01
10
0,0019940159600957408
0,1527777777777778

Iteraçaõ:358
10
10
0,1527777777777778
0,1527777777777778

Iteraçaõ:359
10
10
0,1527777777777778
0,1527777777777778

Iteraçaõ:360
01
10
0,0019940159600957408
0,1527777777777778

Iteraçaõ:361
10
10
0,1527777777777778
0,1527777777777778

Iteraçaõ:362
01
10
0,0019940159600957408
0,1527777777777778

Iteraçaõ:363
10
10
0,1527777777777778
0,1527777777777778

Iteraçaõ:364
00
10
0
0,1527777777777778

Iteraçaõ:365
11
10
0,17586434015055452
0,1527777777777778

Iteraçaõ:366
00
10
0
0,1527777777777778

Iteraçaõ:367
11
11
0,17586434015055452
0,17586434015055452

Iteraçaõ:368
01
11
0,0019940159600957408
0,17586434015055452

Iteraçaõ:369
01
11
0,0019940159600957408
0,17586434015055452

Iteraçaõ:370
10
11
0,1527777777777778
0,17586434015055452

Iteraçaõ:371
01
11
0,0019940159600957408
0,17586434015055452

Iteraçaõ:372
00
11
0
0,17586434015055452

Iteraçaõ:373
11
11
0,17586434015055452
0,17586434015055452

Iteraçaõ:374
10
11
0,1527777777777778
0,17586434015055452

Iteraçaõ:375
11
11
0,17586434015055452
0,17586434015055452

Iteraçaõ:376
10
11
0,1527777777777778
0,17586434015055452

Iteraçaõ:377
11
11
0,17586434015055452
0,17586434015055452

Iteraçaõ:378
01
11
0,0019940159600957408
0,17586434015055452

Iteraçaõ:379
11
11
0,17586434015055452
0,17586434015055452

Iteraçaõ:380
11
11
0,17586434015055452
0,17586434015055452

Iteraçaõ:381
11
11
0,17586434015055452
0,17586434015055452

Iteraçaõ:382
11
11
0,17586434015055452
0,17586434015055452

Iteraçaõ:383
01
11
0,0019940159600957408
0,17586434015055452

Iteraçaõ:384
10
11
0,1527777777777778
0,17586434015055452

Iteraçaõ:385
00
11
0
0,17586434015055452

Iteraçaõ:386
11
11
0,17586434015055452
0,17586434015055452

Iteraçaõ:387
10
11
0,1527777777777778
0,17586434015055452

Iteraçaõ:388
00
11
0
0,17586434015055452

Iteraçaõ:389
11
11
0,17586434015055452
0,17586434015055452

Iteraçaõ:390
11
11
0,17586434015055452
0,17586434015055452

Iteraçaõ:391
01
11
0,0019940159600957408
0,17586434015055452

Iteraçaõ:392
01
11
0,0019940159600957408
0,17586434015055452

Iteraçaõ:393
01
11
0,0019940159600957408
0,17586434015055452

Iteraçaõ:394
00
11
0
0,17586434015055452

Iteraçaõ:395
00
11
0
0,17586434015055452

Iteraçaõ:396
10
11
0,1527777777777778
0,17586434015055452

Iteraçaõ:397
00
11
0
0,17586434015055452

Iteraçaõ:398
10
11
0,1527777777777778
0,17586434015055452

Iteraçaõ:399
11
11
0,17586434015055452
0,17586434015055452

Iteraçaõ:400
10
11
0,1527777777777778
0,17586434015055452

Iteraçaõ:401
01
11
0,0019940159600957408
0,17586434015055452

Iteraçaõ:402
10
11
0,1527777777777778
0,17586434015055452

Iteraçaõ:403
11
11
0,17586434015055452
0,17586434015055452

Iteraçaõ:404
10
11
0,1527777777777778
0,17586434015055452

Iteraçaõ:405
10
11
0,1527777777777778
0,17586434015055452

Iteraçaõ:406
01
11
0,0019940159600957408
0,17586434015055452

Iteraçaõ:407
10
11
0,1527777777777778
0,17586434015055452

Iteraçaõ:408
01
11
0,0019940159600957408
0,17586434015055452

Iteraçaõ:409
11
11
0,17586434015055452
0,17586434015055452

Iteraçaõ:410
10
11
0,1527777777777778
0,17586434015055452

Iteraçaõ:411
10
11
0,1527777777777778
0,17586434015055452

Iteraçaõ:412
11
11
0,17586434015055452
0,17586434015055452

Iteraçaõ:413
01
11
0,0019940159600957408
0,17586434015055452

Iteraçaõ:414
01
11
0,0019940159600957408
0,17586434015055452

Iteraçaõ:415
01
11
0,0019940159600957408
0,17586434015055452

Iteraçaõ:416
10
11
0,1527777777777778
0,17586434015055452

Iteraçaõ:417
00
11
0
0,17586434015055452

Iteraçaõ:418
10
11
0,1527777777777778
0,17586434015055452

Iteraçaõ:419
10
11
0,1527777777777778
0,17586434015055452

Iteraçaõ:420
00
11
0
0,17586434015055452

Iteraçaõ:421
00
11
0
0,17586434015055452

Iteraçaõ:422
00
11
0
0,17586434015055452

Iteraçaõ:423
00
11
0
0,17586434015055452

Iteraçaõ:424
00
11
0
0,17586434015055452

Iteraçaõ:425
11
11
0,17586434015055452
0,17586434015055452

Iteraçaõ:426
00
11
0
0,17586434015055452

Iteraçaõ:427
00
11
0
0,17586434015055452

Iteraçaõ:428
10
11
0,1527777777777778
0,17586434015055452

Iteraçaõ:429
10
11
0,1527777777777778
0,17586434015055452

Iteraçaõ:430
11
11
0,17586434015055452
0,17586434015055452

Iteraçaõ:431
00
11
0
0,17586434015055452

Iteraçaõ:432
00
11
0
0,17586434015055452

Iteraçaõ:433
00
11
0
0,17586434015055452

Iteraçaõ:434
11
11
0,17586434015055452
0,17586434015055452

Iteraçaõ:435
11
11
0,17586434015055452
0,17586434015055452

Iteraçaõ:436
10
11
0,1527777777777778
0,17586434015055452

Iteraçaõ:437
10
11
0,1527777777777778
0,17586434015055452

Iteraçaõ:438
00
11
0
0,17586434015055452

Iteraçaõ:439
01
11
0,0019940159600957408
0,17586434015055452

Iteraçaõ:440
11
11
0,17586434015055452
0,17586434015055452

Iteraçaõ:441
00
11
0
0,17586434015055452

Iteraçaõ:442
01
11
0,0019940159600957408
0,17586434015055452

Iteraçaõ:443
00
11
0
0,17586434015055452

Iteraçaõ:444
11
11
0,17586434015055452
0,17586434015055452

Iteraçaõ:445
10
11
0,1527777777777778
0,17586434015055452

Iteraçaõ:446
01
11
0,0019940159600957408
0,17586434015055452

Iteraçaõ:447
11
11
0,17586434015055452
0,17586434015055452

Iteraçaõ:448
11
11
0,17586434015055452
0,17586434015055452

Iteraçaõ:449
10
11
0,1527777777777778
0,17586434015055452

Iteraçaõ:450
11
11
0,17586434015055452
0,17586434015055452

Iteraçaõ:451
11
11
0,17586434015055452
0,17586434015055452

Iteraçaõ:452
10
11
0,1527777777777778
0,17586434015055452

Iteraçaõ:453
00
11
0
0,17586434015055452

Iteraçaõ:454
10
11
0,1527777777777778
0,17586434015055452

Iteraçaõ:455
10
11
0,1527777777777778
0,17586434015055452

Iteraçaõ:456
00
11
0
0,17586434015055452

Iteraçaõ:457
01
11
0,0019940159600957408
0,17586434015055452

Iteraçaõ:458
01
11
0,0019940159600957408
0,17586434015055452

Iteraçaõ:459
10
11
0,1527777777777778
0,17586434015055452

Iteraçaõ:460
01
11
0,0019940159600957408
0,17586434015055452

Iteraçaõ:461
11
11
0,17586434015055452
0,17586434015055452

Iteraçaõ:462
00
11
0
0,17586434015055452

Iteraçaõ:463
00
11
0
0,17586434015055452

Iteraçaõ:464
01
11
0,0019940159600957408
0,17586434015055452

Iteraçaõ:465
00
11
0
0,17586434015055452

Iteraçaõ:466
01
11
0,0019940159600957408
0,17586434015055452

Iteraçaõ:467
00
11
0
0,17586434015055452

Iteraçaõ:468
01
11
0,0019940159600957408
0,17586434015055452

Iteraçaõ:469
00
11
0
0,17586434015055452

Iteraçaõ:470
10
11
0,1527777777777778
0,17586434015055452

Iteraçaõ:471
00
11
0
0,17586434015055452

Iteraçaõ:472
11
11
0,17586434015055452
0,17586434015055452

Iteraçaõ:473
10
11
0,1527777777777778
0,17586434015055452

Iteraçaõ:474
01
11
0,0019940159600957408
0,17586434015055452

Iteraçaõ:475
01
11
0,0019940159600957408
0,17586434015055452

Iteraçaõ:476
10
11
0,1527777777777778
0,17586434015055452

Iteraçaõ:477
00
11
0
0,17586434015055452

Iteraçaõ:478
01
11
0,0019940159600957408
0,17586434015055452

Iteraçaõ:479
01
11
0,0019940159600957408
0,17586434015055452

Iteraçaõ:480
10
11
0,1527777777777778
0,17586434015055452

Iteraçaõ:481
00
11
0
0,17586434015055452

Iteraçaõ:482
00
11
0
0,17586434015055452

Iteraçaõ:483
01
11
0,0019940159600957408
0,17586434015055452

Iteraçaõ:484
10
11
0,1527777777777778
0,17586434015055452

Iteraçaõ:485
11
11
0,17586434015055452
0,17586434015055452

Iteraçaõ:486
11
11
0,17586434015055452
0,17586434015055452

Iteraçaõ:487
01
11
0,0019940159600957408
0,17586434015055452

Iteraçaõ:488
11
11
0,17586434015055452
0,17586434015055452

Iteraçaõ:489
01
11
0,0019940159600957408
0,17586434015055452

Iteraçaõ:490
10
11
0,1527777777777778
0,17586434015055452

Iteraçaõ:491
00
11
0
0,17586434015055452

Iteraçaõ:492
11
11
0,17586434015055452
0,17586434015055452

Iteraçaõ:493
10
11
0,1527777777777778
0,17586434015055452

Iteraçaõ:494
11
11
0,17586434015055452
0,17586434015055452

Iteraçaõ:495
00
11
0
0,17586434015055452

Iteraçaõ:496
00
11
0
0,17586434015055452

Iteraçaõ:497
11
11
0,17586434015055452
0,17586434015055452

Iteraçaõ:498
01
11
0,0019940159600957408
0,17586434015055452